         1         2         7
         1         2        27
         1         6         7
         1         6        31
         1        26        27
         1        26        31
         2         3         7
         2         3        27
         3         4         8
         3         4        28
         3         7         8
         3        27        28
         4         5         9
         4         5        29
         4         8         9
         4         9        29
         4         9        34
         4        28        29
         4        29        34
         5         9        10
         5        10        35
         5        29        30
         5        30        35
         6         7        12
         6         7        31
         6         7        32
         6        11        12
         6        11        36
         6        31        32
         6        31        36
         7         8        13
         7        12        13
         7        12        32
         7        12        37
         7        31        32
         7        32        37
         8         9        13
         9        10        15
         9        10        34
         9        10        35
         9        13        14
         9        14        15
         9        14        34
         9        14        39
         9        29        34
         9        34        35
         9        34        39
        10        15        40
        10        34        35
        10        35        40
        11        12        17
        11        12        36
        11        12        37
        11        16        17
        11        16        41
        11        36        37
        11        36        41
        12        13        18
        12        13        37
        12        13        38
        12        17        18
        12        17        37
        12        17        42
        12        32        37
        12        36        37
        12        37        38
        12        37        42
        13        14        19
        13        14        38
        13        14        39
        13        18        19
        13        18        38
        13        18        43
        13        37        38
        13        38        39
        13        38        43
        14        15        19
        14        19        39
        14        19        44
        14        34        39
        14        38        39
        14        39        44
        15        19        20
        15        20        40
        16        17        22
        16        21        22
        16        21        41
        17        18        22
        17        22        42
        17        22        47
        17        37        42
        17        42        47
        18        19        23
        18        22        23
        18        23        43
        18        23        48
        18        38        43
        18        43        48
        19        20        25
        19        20        44
        19        20        45
        19        23        24
        19        24        25
        19        39        44
        19        44        45
        20        25        50
        20        40        45
        20        44        45
        20        45        50
        21        22        46
        21        41        46
        22        23        47
        22        42        47
        22        46        47
        23        24        49
        23        43        48
        23        47        48
        23        48        49
        24        25        49
        25        49        50
        26        27        51
        26        31        56
        26        51        56
        27        28        53
        27        51        52
        27        52        53
        28        29        54
        28        53        54
        29        30        34
        29        30        35
        29        30        54
        29        34        35
        30        34        35
        30        35        60
        30        54        55
        30        55        60
        31        32        56
        31        32        57
        31        36        56
        31        56        57
        32        33        37
        32        33        38
        32        33        57
        32        33        58
        32        37        38
        32        56        57
        32        57        58
        33        34        38
        33        34        39
        33        37        38
        33        38        39
        33        57        58
        34        35        39
        34        35        40
        34        38        39
        34        39        40
        35        39        40
        35        40        60
        36        37        41
        36        37        42
        36        41        42
        36        41        66
        36        56        61
        36        61        66
        37        41        42
        38        39        43
        38        39        44
        38        43        44
        38        43        63
        38        43        68
        38        63        68
        39        40        44
        39        40        45
        39        43        44
        39        44        45
        40        44        45
        40        45        70
        40        60        65
        40        65        70
        41        42        66
        41        42        67
        41        46        71
        41        66        67
        41        66        71
        42        66        67
        43        44        48
        43        44        49
        43        48        49
        43        48        68
        43        48        73
        43        63        68
        43        68        73
        44        45        49
        44        45        50
        44        48        49
        44        49        50
        45        49        50
        45        50        70
        46        47        71
        47        48        73
        47        71        72
        47        72        73
        48        49        74
        48        68        73
        48        73        74
        49        50        74
        50        70        75
        50        74        75
        51        52        56
        51        52        57
        51        52        77
        51        56        57
        51        56        76
        51        76        77
        52        53        77
        52        56        57
        52        57        77
        52        57        82
        52        77        82
        53        54        58
        53        54        59
        53        54        79
        53        58        59
        53        58        78
        53        58        83
        53        77        78
        53        78        79
        53        78        83
        54        55        59
        54        55        60
        54        55        79
        54        58        59
        54        59        60
        55        59        60
        55        60        80
        55        79        80
        56        57        61
        56        57        62
        56        57        81
        56        57        82
        56        61        62
        56        61        86
        56        76        81
        56        81        82
        56        81        86
        57        58        62
        57        58        63
        57        58        82
        57        58        83
        57        61        62
        57        62        63
        57        62        82
        57        62        87
        57        77        82
        57        81        82
        57        82        83
        57        82        87
        58        59        63
        58        59        64
        58        59        83
        58        59        84
        58        62        63
        58        63        64
        58        63        83
        58        63        88
        58        78        83
        58        82        83
        58        83        84
        58        83        88
        59        60        64
        59        60        65
        59        60        84
        59        60        85
        59        63        64
        59        64        65
        59        83        84
        59        84        85
        60        64        65
        60        65        90
        60        80        85
        60        84        85
        60        85        90
        61        62        66
        61        62        67
        61        66        67
        61        66        91
        61        86        91
        62        63        67
        62        63        68
        62        66        67
        62        67        68
        62        67        87
        62        67        92
        62        82        87
        62        87        92
        63        64        68
        63        64        69
        63        64        88
        63        64        89
        63        67        68
        63        68        69
        63        83        88
        63        88        89
        64        68        69
        64        69        89
        64        69        94
        64        88        89
        64        89        94
        65        70        90
        66        71        91
        67        68        72
        67        68        73
        67        68        92
        67        68        93
        67        72        73
        67        87        92
        67        92        93
        68        69        93
        68        69        94
        68        72        73
        68        73        93
        68        73        98
        68        92        93
        68        93        94
        68        93        98
        69        89        94
        69        93        94
        70        75       100
        70        90        95
        70        95       100
        71        72        97
        71        91        96
        71        96        97
        72        73        97
        73        74        98
        73        93        98
        73        97        98
        74        75       100
        74        98        99
        74        99       100
        76        77       101
        76        81       106
        76       101       106
        77        78       103
        77       101       102
        77       102       103
        78        79        83
        78        79        84
        78        79       104
        78        83        84
        78        83       103
        78        83       108
        78       103       104
        78       103       108
        79        80        84
        79        80        85
        79        80       104
        79        83        84
        79        84        85
        80        84        85
        80        85       105
        80       104       105
        81        82        86
        81        82        87
        81        86        87
        81        86       106
        82        83       107
        82        83       108
        82        86        87
        82       107       108
        83        84       108
        83        84       109
        83        88       108
        83        88       113
        83       103       108
        83       107       108
        83       108       109
        83       108       113
        84        85       109
        84        85       110
        84       108       109
        84       109       110
        85        90       115
        85       105       110
        85       109       110
        85       110       115
        86        87        91
        86        87        92
        86        91        92
        86        91       111
        86       106       111
        87        91        92
        87        92       112
        87        92       117
        87       112       117
        88        89        93
        88        89        94
        88        93        94
        88        93       113
        88        93       118
        88       108       113
        88       113       118
        89        93        94
        90        95       115
        91        92       116
        91        92       117
        91        96       121
        91       111       116
        91       116       117
        91       116       121
        92        93        97
        92        93        98
        92        97        98
        92       112       117
        92       116       117
        93        97        98
        93       113       118
        95       100       125
        95       115       120
        95       120       125
        96        97       122
        96       121       122
        97        98       122
        98        99       123
        98       122       123
        99       100       125
        99       123       124
        99       124       125
       101       102       106
       102       103       108
       102       106       107
       102       107       108
       103       104       108
       104       105       110
       104       108       109
       104       109       110
       106       107       112
       106       111       112
       107       108       112
       108       109       114
       108       112       113
       108       113       114
       109       110       114
       110       114       115
       111       112       117
       111       116       117
       112       113       118
       112       117       118
       113       114       119
       113       118       119
       114       115       119
       115       119       120
       116       117       122
       116       121       122
       117       118       122
       118       119       123
       118       122       123
       119       120       125
       119       123       124
       119       124       125
