         3         1        41         2       384       364
         3         1       656         2        23       363
        39        41         1        40       383       394
        39       687         1       395        22       394
       654       656         1       655       676       363
       654         1       687       363       675       362
         3         5        41       365        24         4
         3       656         5       364       384       365
         7         5        45         6       386       368
         7         5       660         6        26       367
        43        41         5       396        25        42
        43        45         5        44       385       397
       658         5       656       366       385       365
       658       660         5       659       678       367
         7         9        45       369        27         8
         7       660         9       368       386       369
        11         9        49        10       388       372
        11         9       664        10        29       371
        47        45         9       399        28        46
        47        49         9        48       387       400
       662         9       660       370       387       369
       662       664         9       663       680       371
        11        13        49       373        30        12
        11       664        13       372       388       373
        15        13        53        14       390       376
        15        13       668        14        32       375
        51        49        13       402        31        50
        51        53        13        52       389       403
       666        13       664       374       389       373
       666       668        13       667       682       375
        15        17        53       377        33        16
        15       668        17       376       390       377
        19        17        57        18       392       380
        19        17       672        18        35       379
        55        53        17       405        34        54
        55        57        17        56       391       406
       670        17       668       378       391       377
       670       672        17       671       684       379
        19        21        57       381        36        20
        19       672        21       380       392       381
        59        57        21       408        38        58
        59       688        21       409        37        58
       674        21       672       382       393       381
       674        21       688       382       685       673
        39        41        72       395        60        40
        39       687        72       394        61        40
        43        41        76        42       411       397
        74        72        41       421        62        73
        74        76        41        75       410       422
        43        45        76       398        63        44
        47        45        80        46       413       400
        78        76        45       424        64        77
        78        80        45        79       412       425
        47        49        80       401        65        48
        51        49        84        50       415       403
        82        80        49       427        66        81
        82        84        49        83       414       428
        51        53        84       404        67        52
        55        53        88        54       417       406
        86        84        53       430        68        85
        86        88        53        87       416       431
        55        57        88       407        69        56
        59        57        92        58       419       409
        90        88        57       433        70        89
        90        92        57        91       418       434
        59       688        92       408        71       409
        74        72       107        73       438       422
       105       107        72       106       437       447
       105       701        72       448        93       447
       693        72       687       420       690       694
       693        72       701       421       697       420
        74        76       107       423        94        75
        78        76       111        77       440       425
       109       107        76       449        95       108
       109       111        76       110       439       450
        78        80       111       426        96        79
        82        80       115        81       442       428
       113       111        80       452        97       112
       113       115        80       114       441       453
        82        84       115       429        98        83
        86        84       119        85       444       431
       117       115        84       455        99       116
       117       119        84       118       443       456
        86        88       119       432       100        87
        90        88       123        89       446       434
       121       119        88       458       101       120
       121       123        88       122       445       459
        90        92       123       435       102        91
       125       123        92       461       104       124
       125       702        92       462       103       124
       696        92       688       435       692       436
       696        92       702       436       699       695
       105       107       138       448       126       106
       105       701       138       447       127       106
       109       107       142       108       464       450
       140       138       107       474       128       139
       140       142       107       141       463       475
       109       111       142       451       129       110
       113       111       146       112       466       453
       144       142       111       477       130       143
       144       146       111       145       465       478
       113       115       146       454       131       114
       117       115       150       116       468       456
       148       146       115       480       132       147
       148       150       115       149       467       481
       117       119       150       457       133       118
       121       119       154       120       470       459
       152       150       119       483       134       151
       152       154       119       153       469       484
       121       123       154       460       135       122
       125       123       158       124       472       462
       156       154       123       486       136       155
       156       158       123       157       471       487
       125       702       158       461       137       462
       140       138       173       139       491       475
       171       173       138       172       490       500
       171       715       138       501       159       500
       707       138       701       473       704       708
       707       138       715       474       711       473
       140       142       173       476       160       141
       144       142       177       143       493       478
       175       173       142       502       161       174
       175       177       142       176       492       503
       144       146       177       479       162       145
       148       146       181       147       495       481
       179       177       146       505       163       178
       179       181       146       180       494       506
       148       150       181       482       164       149
       152       150       185       151       497       484
       183       181       150       508       165       182
       183       185       150       184       496       509
       152       154       185       485       166       153
       156       154       189       155       499       487
       187       185       154       511       167       186
       187       189       154       188       498       512
       156       158       189       488       168       157
       191       189       158       514       170       190
       191       716       158       515       169       190
       710       158       702       488       706       489
       710       158       716       489       713       709
       171       173       204       501       192       172
       171       715       204       500       193       172
       175       173       208       174       517       503
       206       204       173       527       194       205
       206       208       173       207       516       528
       175       177       208       504       195       176
       179       177       212       178       519       506
       210       208       177       530       196       209
       210       212       177       211       518       531
       179       181       212       507       197       180
       183       181       216       182       521       509
       214       212       181       533       198       213
       214       216       181       215       520       534
       183       185       216       510       199       184
       187       185       220       186       523       512
       218       216       185       536       200       217
       218       220       185       219       522       537
       187       189       220       513       201       188
       191       189       224       190       525       515
       222       220       189       539       202       221
       222       224       189       223       524       540
       191       716       224       514       203       515
       206       204       239       205       544       528
       237       239       204       238       543       553
       237       729       204       554       225       553
       721       204       715       526       718       722
       721       204       729       527       725       526
       206       208       239       529       226       207
       210       208       243       209       546       531
       241       239       208       555       227       240
       241       243       208       242       545       556
       210       212       243       532       228       211
       214       212       247       213       548       534
       245       243       212       558       229       244
       245       247       212       246       547       559
       214       216       247       535       230       215
       218       216       251       217       550       537
       249       247       216       561       231       248
       249       251       216       250       549       562
       218       220       251       538       232       219
       222       220       255       221       552       540
       253       251       220       564       233       252
       253       255       220       254       551       565
       222       224       255       541       234       223
       257       255       224       567       236       256
       257       730       224       568       235       256
       724       224       716       541       720       542
       724       224       730       542       727       723
       237       239       270       554       258       238
       237       729       270       553       259       238
       241       239       274       240       570       556
       272       270       239       580       260       271
       272       274       239       273       569       581
       241       243       274       557       261       242
       245       243       278       244       572       559
       276       274       243       583       262       275
       276       278       243       277       571       584
       245       247       278       560       263       246
       249       247       282       248       574       562
       280       278       247       586       264       279
       280       282       247       281       573       587
       249       251       282       563       265       250
       253       251       286       252       576       565
       284       282       251       589       266       283
       284       286       251       285       575       590
       253       255       286       566       267       254
       257       255       290       256       578       568
       288       286       255       592       268       287
       288       290       255       289       577       593
       257       730       290       567       269       568
       272       270       305       271       597       581
       303       305       270       304       596       606
       303       743       270       607       291       606
       735       270       729       579       732       736
       735       270       743       580       739       579
       272       274       305       582       292       273
       276       274       309       275       599       584
       307       305       274       608       293       306
       307       309       274       308       598       609
       276       278       309       585       294       277
       280       278       313       279       601       587
       311       309       278       611       295       310
       311       313       278       312       600       612
       280       282       313       588       296       281
       284       282       317       283       603       590
       315       313       282       614       297       314
       315       317       282       316       602       615
       284       286       317       591       298       285
       288       286       321       287       605       593
       319       317       286       617       299       318
       319       321       286       320       604       618
       288       290       321       594       300       289
       323       321       290       620       302       322
       323       744       290       621       301       322
       738       290       730       594       734       595
       738       290       744       595       741       737
       303       305       341       607       324       304
       303       743       341       606       325       304
       307       305       345       306       624       609
       343       341       305       634       326       342
       343       345       305       344       623       635
       307       309       345       610       328       308
       311       309       349       310       626       612
       347       345       309       638       329       346
       347       349       309       348       625       639
       311       313       349       613       331       312
       315       313       353       314       628       615
       351       349       313       642       332       350
       351       353       313       352       627       643
       315       317       353       616       334       316
       319       317       357       318       630       618
       355       353       317       646       335       354
       355       357       317       356       629       647
       319       321       357       619       337       320
       323       321       361       322       632       621
       359       357       321       650       338       358
       359       361       321       360       631       651
       323       744       361       620       340       621
       343       759       341       635       623       634
       757       341       743       633       746       758
       757       341       759       633       622       634
       343       345       759       344       327       636
       347       763       345       639       625       638
       761       759       345       760       747       636
       761       345       763       637       624       638
       347       349       763       348       330       640
       351       767       349       643       627       642
       765       763       349       764       749       640
       765       349       767       641       626       642
       351       353       767       352       333       644
       355       771       353       647       629       646
       769       767       353       768       751       644
       769       353       771       645       628       646
       355       357       771       356       336       648
       359       775       357       651       631       650
       773       771       357       772       753       648
       773       357       775       649       630       650
       359       361       775       360       339       652
       777       361       744       652       756       653
       777       775       361       776       755       652
       654       876       656       778       799       779
       654       876       687       778       676       655
       658       656       880       657       677       781
       878       656       876       780       800       779
       878       880       656       879       899       781
       658       880       660       782       801       783
       662       660       884       661       679       785
       882       660       880       784       802       783
       882       884       660       883       901       785
       662       884       664       786       803       787
       666       664       888       665       681       789
       886       664       884       788       804       787
       886       888       664       887       903       789
       666       888       668       790       805       791
       670       668       892       669       683       793
       890       668       888       792       806       791
       890       892       668       891       905       793
       670       892       672       794       807       795
       674       672       896       673       685       797
       894       672       892       796       808       795
       894       896       672       895       907       797
       674       896       688       797       686       798
       693       917       687       814       689       813
       909       687       876       809       898       910
       909       687       917       810       913       809
       696       918       688       816       691       695
       912       688       896       811       908       812
       912       688       918       812       915       911
       693       917       701       813       698       694
       696       918       702       815       700       816
       707       931       701       822       703       821
       923       701       917       817       920       924
       923       701       931       818       927       817
       710       932       702       824       705       709
       926       702       918       819       922       820
       926       702       932       820       929       925
       707       931       715       821       712       708
       710       932       716       823       714       824
       721       945       715       830       717       829
       937       715       931       825       934       938
       937       715       945       826       941       825
       724       946       716       832       719       723
       940       716       932       827       936       828
       940       716       946       828       943       939
       721       945       729       829       726       722
       724       946       730       831       728       832
       735       959       729       838       731       837
       951       729       945       833       948       952
       951       729       959       834       955       833
       738       960       730       840       733       737
       954       730       946       835       950       836
       954       730       960       836       957       953
       735       959       743       837       740       736
       738       960       744       839       742       840
       757       981       743       856       745       855
       965       743       959       841       962       966
       965       743       981       842       969       841
       777      1001       744       875       755       776
       968       744       960       843       964       844
       968       744      1001       844       979       967
       757       759       981       758       746       856
       761       985       759       859       846       858
       983       981       759       982       970       856
       983       759       985       857       845       858
       761       763       985       762       748       860
       765       989       763       863       848       862
       987       985       763       986       972       860
       987       763       989       861       847       862
       765       767       989       766       750       864
       769       993       767       867       850       866
       991       989       767       990       974       864
       991       767       993       865       849       866
       769       771       993       770       752       868
       773       997       771       871       852       870
       995       993       771       994       976       868
       995       771       997       869       851       870
       773       775       997       774       754       872
       777      1001       775       875       854       874
       999       997       775       998       978       872
       999       775      1001       873       853       874
       878       876      1102       877       898      1003
       909      1133       876      1034       897      1033
      1100      1102       876      1101      1122      1003
      1100       876      1133      1003      1121      1002
       878      1102       880      1004      1023      1005
       882       880      1106       881       900      1007
      1104       880      1102      1006      1024      1005
      1104      1106       880      1105      1124      1007
       882      1106       884      1008      1025      1009
       886       884      1110       885       902      1011
      1108       884      1106      1010      1026      1009
      1108      1110       884      1109      1126      1011
       886      1110       888      1012      1027      1013
       890       888      1114       889       904      1015
      1112       888      1110      1014      1028      1013
      1112      1114       888      1113      1128      1015
       890      1114       892      1016      1029      1017
       894       892      1118       893       906      1019
      1116       892      1114      1018      1030      1017
      1116      1118       892      1117      1130      1019
       894      1118       896      1020      1031      1021
       912      1134       896      1036       907       911
      1120       896      1118      1022      1032      1021
      1120       896      1134      1022      1131      1119
       909      1133       917      1033       914       910
       912      1134       918      1035       916      1036
       923      1147       917      1042       919      1041
      1139       917      1133      1037      1136      1140
      1139       917      1147      1038      1143      1037
       926      1148       918      1044       921       925
      1142       918      1134      1039      1138      1040
      1142       918      1148      1040      1145      1141
       923      1147       931      1041       928       924
       926      1148       932      1043       930      1044
       937      1161       931      1050       933      1049
      1153       931      1147      1045      1150      1154
      1153       931      1161      1046      1157      1045
       940      1162       932      1052       935       939
      1156       932      1148      1047      1152      1048
      1156       932      1162      1048      1159      1155
       937      1161       945      1049       942       938
       940      1162       946      1051       944      1052
       951      1175       945      1058       947      1057
      1167       945      1161      1053      1164      1168
      1167       945      1175      1054      1171      1053
       954      1176       946      1060       949       953
      1170       946      1162      1055      1166      1056
      1170       946      1176      1056      1173      1169
       951      1175       959      1057       956       952
       954      1176       960      1059       958      1060
       965      1189       959      1066       961      1065
      1181       959      1175      1061      1178      1182
      1181       959      1189      1062      1185      1061
       968      1190       960      1068       963       967
      1184       960      1176      1063      1180      1064
      1184       960      1190      1064      1187      1183
       965      1189       981      1065       970       966
       968      1190      1001      1067       980      1068
       983      1205       981      1081      1070      1080
      1203       981      1189      1079      1192      1204
      1203       981      1205      1079      1069      1080
       983       985      1205       984       971      1082
       987      1209       985      1085      1072      1084
      1207      1205       985      1206      1193      1082
      1207       985      1209      1083      1071      1084
       987       989      1209       988       973      1086
       991      1213       989      1089      1074      1088
      1211      1209       989      1210      1195      1086
      1211       989      1213      1087      1073      1088
       991       993      1213       992       975      1090
       995      1217       993      1093      1076      1092
      1215      1213       993      1214      1197      1090
      1215       993      1217      1091      1075      1092
       995       997      1217       996       977      1094
       999      1221       997      1097      1078      1096
      1219      1217       997      1218      1199      1094
      1219       997      1221      1095      1077      1096
       999      1001      1221      1000       979      1098
      1223      1001      1190      1098      1202      1099
      1223      1221      1001      1222      1201      1098
      1100      1322      1102      1224      1245      1225
      1100      1322      1133      1224      1122      1101
      1104      1102      1326      1103      1123      1227
      1324      1102      1322      1226      1246      1225
      1324      1326      1102      1325      1345      1227
      1104      1326      1106      1228      1247      1229
      1108      1106      1330      1107      1125      1231
      1328      1106      1326      1230      1248      1229
      1328      1330      1106      1329      1347      1231
      1108      1330      1110      1232      1249      1233
      1112      1110      1334      1111      1127      1235
      1332      1110      1330      1234      1250      1233
      1332      1334      1110      1333      1349      1235
      1112      1334      1114      1236      1251      1237
      1116      1114      1338      1115      1129      1239
      1336      1114      1334      1238      1252      1237
      1336      1338      1114      1337      1351      1239
      1116      1338      1118      1240      1253      1241
      1120      1118      1342      1119      1131      1243
      1340      1118      1338      1242      1254      1241
      1340      1342      1118      1341      1353      1243
      1120      1342      1134      1243      1132      1244
      1139      1363      1133      1260      1135      1259
      1355      1133      1322      1255      1344      1356
      1355      1133      1363      1256      1359      1255
      1142      1364      1134      1262      1137      1141
      1358      1134      1342      1257      1354      1258
      1358      1134      1364      1258      1361      1357
      1139      1363      1147      1259      1144      1140
      1142      1364      1148      1261      1146      1262
      1153      1377      1147      1268      1149      1267
      1369      1147      1363      1263      1366      1370
      1369      1147      1377      1264      1373      1263
      1156      1378      1148      1270      1151      1155
      1372      1148      1364      1265      1368      1266
      1372      1148      1378      1266      1375      1371
      1153      1377      1161      1267      1158      1154
      1156      1378      1162      1269      1160      1270
      1167      1391      1161      1276      1163      1275
      1383      1161      1377      1271      1380      1384
      1383      1161      1391      1272      1387      1271
      1170      1392      1162      1278      1165      1169
      1386      1162      1378      1273      1382      1274
      1386      1162      1392      1274      1389      1385
      1167      1391      1175      1275      1172      1168
      1170      1392      1176      1277      1174      1278
      1181      1405      1175      1284      1177      1283
      1397      1175      1391      1279      1394      1398
      1397      1175      1405      1280      1401      1279
      1184      1406      1176      1286      1179      1183
      1400      1176      1392      1281      1396      1282
      1400      1176      1406      1282      1403      1399
      1181      1405      1189      1283      1186      1182
      1184      1406      1190      1285      1188      1286
      1203      1427      1189      1302      1191      1301
      1411      1189      1405      1287      1408      1412
      1411      1189      1427      1288      1415      1287
      1223      1447      1190      1321      1201      1222
      1414      1190      1406      1289      1410      1290
      1414      1190      1447      1290      1425      1413
      1203      1205      1427      1204      1192      1302
      1207      1431      1205      1305      1292      1304
      1429      1427      1205      1428      1416      1302
      1429      1205      1431      1303      1291      1304
      1207      1209      1431      1208      1194      1306
      1211      1435      1209      1309      1294      1308
      1433      1431      1209      1432      1418      1306
      1433      1209      1435      1307      1293      1308
      1211      1213      1435      1212      1196      1310
      1215      1439      1213      1313      1296      1312
      1437      1435      1213      1436      1420      1310
      1437      1213      1439      1311      1295      1312
      1215      1217      1439      1216      1198      1314
      1219      1443      1217      1317      1298      1316
      1441      1439      1217      1440      1422      1314
      1441      1217      1443      1315      1297      1316
      1219      1221      1443      1220      1200      1318
      1223      1447      1221      1321      1300      1320
      1445      1443      1221      1444      1424      1318
      1445      1221      1447      1319      1299      1320
      1324      1322      1548      1323      1344      1449
      1355      1579      1322      1480      1343      1479
      1546      1548      1322      1547      1568      1449
      1546      1322      1579      1449      1567      1448
      1324      1548      1326      1450      1469      1451
      1328      1326      1552      1327      1346      1453
      1550      1326      1548      1452      1470      1451
      1550      1552      1326      1551      1570      1453
      1328      1552      1330      1454      1471      1455
      1332      1330      1556      1331      1348      1457
      1554      1330      1552      1456      1472      1455
      1554      1556      1330      1555      1572      1457
      1332      1556      1334      1458      1473      1459
      1336      1334      1560      1335      1350      1461
      1558      1334      1556      1460      1474      1459
      1558      1560      1334      1559      1574      1461
      1336      1560      1338      1462      1475      1463
      1340      1338      1564      1339      1352      1465
      1562      1338      1560      1464      1476      1463
      1562      1564      1338      1563      1576      1465
      1340      1564      1342      1466      1477      1467
      1358      1580      1342      1482      1353      1357
      1566      1342      1564      1468      1478      1467
      1566      1342      1580      1468      1577      1565
      1355      1579      1363      1479      1360      1356
      1358      1580      1364      1481      1362      1482
      1369      1593      1363      1488      1365      1487
      1585      1363      1579      1483      1582      1586
      1585      1363      1593      1484      1589      1483
      1372      1594      1364      1490      1367      1371
      1588      1364      1580      1485      1584      1486
      1588      1364      1594      1486      1591      1587
      1369      1593      1377      1487      1374      1370
      1372      1594      1378      1489      1376      1490
      1383      1607      1377      1496      1379      1495
      1599      1377      1593      1491      1596      1600
      1599      1377      1607      1492      1603      1491
      1386      1608      1378      1498      1381      1385
      1602      1378      1594      1493      1598      1494
      1602      1378      1608      1494      1605      1601
      1383      1607      1391      1495      1388      1384
      1386      1608      1392      1497      1390      1498
      1397      1621      1391      1504      1393      1503
      1613      1391      1607      1499      1610      1614
      1613      1391      1621      1500      1617      1499
      1400      1622      1392      1506      1395      1399
      1616      1392      1608      1501      1612      1502
      1616      1392      1622      1502      1619      1615
      1397      1621      1405      1503      1402      1398
      1400      1622      1406      1505      1404      1506
      1411      1635      1405      1512      1407      1511
      1627      1405      1621      1507      1624      1628
      1627      1405      1635      1508      1631      1507
      1414      1636      1406      1514      1409      1413
      1630      1406      1622      1509      1626      1510
      1630      1406      1636      1510      1633      1629
      1411      1635      1427      1511      1416      1412
      1414      1636      1447      1513      1426      1514
      1429      1651      1427      1527      1516      1526
      1649      1427      1635      1525      1638      1650
      1649      1427      1651      1525      1515      1526
      1429      1431      1651      1430      1417      1528
      1433      1655      1431      1531      1518      1530
      1653      1651      1431      1652      1639      1528
      1653      1431      1655      1529      1517      1530
      1433      1435      1655      1434      1419      1532
      1437      1659      1435      1535      1520      1534
      1657      1655      1435      1656      1641      1532
      1657      1435      1659      1533      1519      1534
      1437      1439      1659      1438      1421      1536
      1441      1663      1439      1539      1522      1538
      1661      1659      1439      1660      1643      1536
      1661      1439      1663      1537      1521      1538
      1441      1443      1663      1442      1423      1540
      1445      1667      1443      1543      1524      1542
      1665      1663      1443      1664      1645      1540
      1665      1443      1667      1541      1523      1542
      1445      1447      1667      1446      1425      1544
      1669      1447      1636      1544      1648      1545
      1669      1667      1447      1668      1647      1544
      1546      1768      1548      1670      1691      1671
      1546      1768      1579      1670      1568      1547
      1550      1548      1772      1549      1569      1673
      1770      1548      1768      1672      1692      1671
      1770      1772      1548      1771      1791      1673
      1550      1772      1552      1674      1693      1675
      1554      1552      1776      1553      1571      1677
      1774      1552      1772      1676      1694      1675
      1774      1776      1552      1775      1793      1677
      1554      1776      1556      1678      1695      1679
      1558      1556      1780      1557      1573      1681
      1778      1556      1776      1680      1696      1679
      1778      1780      1556      1779      1795      1681
      1558      1780      1560      1682      1697      1683
      1562      1560      1784      1561      1575      1685
      1782      1560      1780      1684      1698      1683
      1782      1784      1560      1783      1797      1685
      1562      1784      1564      1686      1699      1687
      1566      1564      1788      1565      1577      1689
      1786      1564      1784      1688      1700      1687
      1786      1788      1564      1787      1799      1689
      1566      1788      1580      1689      1578      1690
      1585      1809      1579      1706      1581      1705
      1801      1579      1768      1701      1790      1802
      1801      1579      1809      1702      1805      1701
      1588      1810      1580      1708      1583      1587
      1804      1580      1788      1703      1800      1704
      1804      1580      1810      1704      1807      1803
      1585      1809      1593      1705      1590      1586
      1588      1810      1594      1707      1592      1708
      1599      1823      1593      1714      1595      1713
      1815      1593      1809      1709      1812      1816
      1815      1593      1823      1710      1819      1709
      1602      1824      1594      1716      1597      1601
      1818      1594      1810      1711      1814      1712
      1818      1594      1824      1712      1821      1817
      1599      1823      1607      1713      1604      1600
      1602      1824      1608      1715      1606      1716
      1613      1837      1607      1722      1609      1721
      1829      1607      1823      1717      1826      1830
      1829      1607      1837      1718      1833      1717
      1616      1838      1608      1724      1611      1615
      1832      1608      1824      1719      1828      1720
      1832      1608      1838      1720      1835      1831
      1613      1837      1621      1721      1618      1614
      1616      1838      1622      1723      1620      1724
      1627      1851      1621      1730      1623      1729
      1843      1621      1837      1725      1840      1844
      1843      1621      1851      1726      1847      1725
      1630      1852      1622      1732      1625      1629
      1846      1622      1838      1727      1842      1728
      1846      1622      1852      1728      1849      1845
      1627      1851      1635      1729      1632      1628
      1630      1852      1636      1731      1634      1732
      1649      1873      1635      1748      1637      1747
      1857      1635      1851      1733      1854      1858
      1857      1635      1873      1734      1861      1733
      1669      1893      1636      1767      1647      1668
      1860      1636      1852      1735      1856      1736
      1860      1636      1893      1736      1871      1859
      1649      1651      1873      1650      1638      1748
      1653      1877      1651      1751      1738      1750
      1875      1873      1651      1874      1862      1748
      1875      1651      1877      1749      1737      1750
      1653      1655      1877      1654      1640      1752
      1657      1881      1655      1755      1740      1754
      1879      1877      1655      1878      1864      1752
      1879      1655      1881      1753      1739      1754
      1657      1659      1881      1658      1642      1756
      1661      1885      1659      1759      1742      1758
      1883      1881      1659      1882      1866      1756
      1883      1659      1885      1757      1741      1758
      1661      1663      1885      1662      1644      1760
      1665      1889      1663      1763      1744      1762
      1887      1885      1663      1886      1868      1760
      1887      1663      1889      1761      1743      1762
      1665      1667      1889      1666      1646      1764
      1669      1893      1667      1767      1746      1766
      1891      1889      1667      1890      1870      1764
      1891      1667      1893      1765      1745      1766
      1770      1768      1994      1769      1790      1895
      1801      2025      1768      1926      1789      1925
      1992      1994      1768      1993      2014      1895
      1992      1768      2025      1895      2013      1894
      1770      1994      1772      1896      1915      1897
      1774      1772      1998      1773      1792      1899
      1996      1772      1994      1898      1916      1897
      1996      1998      1772      1997      2016      1899
      1774      1998      1776      1900      1917      1901
      1778      1776      2002      1777      1794      1903
      2000      1776      1998      1902      1918      1901
      2000      2002      1776      2001      2018      1903
      1778      2002      1780      1904      1919      1905
      1782      1780      2006      1781      1796      1907
      2004      1780      2002      1906      1920      1905
      2004      2006      1780      2005      2020      1907
      1782      2006      1784      1908      1921      1909
      1786      1784      2010      1785      1798      1911
      2008      1784      2006      1910      1922      1909
      2008      2010      1784      2009      2022      1911
      1786      2010      1788      1912      1923      1913
      1804      2026      1788      1928      1799      1803
      2012      1788      2010      1914      1924      1913
      2012      1788      2026      1914      2023      2011
      1801      2025      1809      1925      1806      1802
      1804      2026      1810      1927      1808      1928
      1815      2039      1809      1934      1811      1933
      2031      1809      2025      1929      2028      2032
      2031      1809      2039      1930      2035      1929
      1818      2040      1810      1936      1813      1817
      2034      1810      2026      1931      2030      1932
      2034      1810      2040      1932      2037      2033
      1815      2039      1823      1933      1820      1816
      1818      2040      1824      1935      1822      1936
      1829      2053      1823      1942      1825      1941
      2045      1823      2039      1937      2042      2046
      2045      1823      2053      1938      2049      1937
      1832      2054      1824      1944      1827      1831
      2048      1824      2040      1939      2044      1940
      2048      1824      2054      1940      2051      2047
      1829      2053      1837      1941      1834      1830
      1832      2054      1838      1943      1836      1944
      1843      2067      1837      1950      1839      1949
      2059      1837      2053      1945      2056      2060
      2059      1837      2067      1946      2063      1945
      1846      2068      1838      1952      1841      1845
      2062      1838      2054      1947      2058      1948
      2062      1838      2068      1948      2065      2061
      1843      2067      1851      1949      1848      1844
      1846      2068      1852      1951      1850      1952
      1857      2081      1851      1958      1853      1957
      2073      1851      2067      1953      2070      2074
      2073      1851      2081      1954      2077      1953
      1860      2082      1852      1960      1855      1859
      2076      1852      2068      1955      2072      1956
      2076      1852      2082      1956      2079      2075
      1857      2081      1873      1957      1862      1858
      1860      2082      1893      1959      1872      1960
      1875      2097      1873      1973      1962      1972
      2095      1873      2081      1971      2084      2096
      2095      1873      2097      1971      1961      1972
      1875      1877      2097      1876      1863      1974
      1879      2101      1877      1977      1964      1976
      2099      2097      1877      2098      2085      1974
      2099      1877      2101      1975      1963      1976
      1879      1881      2101      1880      1865      1978
      1883      2105      1881      1981      1966      1980
      2103      2101      1881      2102      2087      1978
      2103      1881      2105      1979      1965      1980
      1883      1885      2105      1884      1867      1982
      1887      2109      1885      1985      1968      1984
      2107      2105      1885      2106      2089      1982
      2107      1885      2109      1983      1967      1984
      1887      1889      2109      1888      1869      1986
      1891      2113      1889      1989      1970      1988
      2111      2109      1889      2110      2091      1986
      2111      1889      2113      1987      1969      1988
      1891      1893      2113      1892      1871      1990
      2115      1893      2082      1990      2094      1991
      2115      2113      1893      2114      2093      1990
      1992      2214      1994      2116      2137      2117
      1992      2214      2025      2116      2014      1993
      1996      1994      2218      1995      2015      2119
      2216      1994      2214      2118      2138      2117
      2216      2218      1994      2217      2237      2119
      1996      2218      1998      2120      2139      2121
      2000      1998      2222      1999      2017      2123
      2220      1998      2218      2122      2140      2121
      2220      2222      1998      2221      2239      2123
      2000      2222      2002      2124      2141      2125
      2004      2002      2226      2003      2019      2127
      2224      2002      2222      2126      2142      2125
      2224      2226      2002      2225      2241      2127
      2004      2226      2006      2128      2143      2129
      2008      2006      2230      2007      2021      2131
      2228      2006      2226      2130      2144      2129
      2228      2230      2006      2229      2243      2131
      2008      2230      2010      2132      2145      2133
      2012      2010      2234      2011      2023      2135
      2232      2010      2230      2134      2146      2133
      2232      2234      2010      2233      2245      2135
      2012      2234      2026      2135      2024      2136
      2031      2255      2025      2152      2027      2151
      2247      2025      2214      2147      2236      2248
      2247      2025      2255      2148      2251      2147
      2034      2256      2026      2154      2029      2033
      2250      2026      2234      2149      2246      2150
      2250      2026      2256      2150      2253      2249
      2031      2255      2039      2151      2036      2032
      2034      2256      2040      2153      2038      2154
      2045      2269      2039      2160      2041      2159
      2261      2039      2255      2155      2258      2262
      2261      2039      2269      2156      2265      2155
      2048      2270      2040      2162      2043      2047
      2264      2040      2256      2157      2260      2158
      2264      2040      2270      2158      2267      2263
      2045      2269      2053      2159      2050      2046
      2048      2270      2054      2161      2052      2162
      2059      2283      2053      2168      2055      2167
      2275      2053      2269      2163      2272      2276
      2275      2053      2283      2164      2279      2163
      2062      2284      2054      2170      2057      2061
      2278      2054      2270      2165      2274      2166
      2278      2054      2284      2166      2281      2277
      2059      2283      2067      2167      2064      2060
      2062      2284      2068      2169      2066      2170
      2073      2297      2067      2176      2069      2175
      2289      2067      2283      2171      2286      2290
      2289      2067      2297      2172      2293      2171
      2076      2298      2068      2178      2071      2075
      2292      2068      2284      2173      2288      2174
      2292      2068      2298      2174      2295      2291
      2073      2297      2081      2175      2078      2074
      2076      2298      2082      2177      2080      2178
      2095      2319      2081      2194      2083      2193
      2303      2081      2297      2179      2300      2304
      2303      2081      2319      2180      2307      2179
      2115      2339      2082      2213      2093      2114
      2306      2082      2298      2181      2302      2182
      2306      2082      2339      2182      2317      2305
      2095      2097      2319      2096      2084      2194
      2099      2323      2097      2197      2184      2196
      2321      2319      2097      2320      2308      2194
      2321      2097      2323      2195      2183      2196
      2099      2101      2323      2100      2086      2198
      2103      2327      2101      2201      2186      2200
      2325      2323      2101      2324      2310      2198
      2325      2101      2327      2199      2185      2200
      2103      2105      2327      2104      2088      2202
      2107      2331      2105      2205      2188      2204
      2329      2327      2105      2328      2312      2202
      2329      2105      2331      2203      2187      2204
      2107      2109      2331      2108      2090      2206
      2111      2335      2109      2209      2190      2208
      2333      2331      2109      2332      2314      2206
      2333      2109      2335      2207      2189      2208
      2111      2113      2335      2112      2092      2210
      2115      2339      2113      2213      2192      2212
      2337      2335      2113      2336      2316      2210
      2337      2113      2339      2211      2191      2212
      2216      2214      2440      2215      2236      2341
      2247      2471      2214      2372      2235      2371
      2438      2440      2214      2439      2460      2341
      2438      2214      2471      2341      2459      2340
      2216      2440      2218      2342      2361      2343
      2220      2218      2444      2219      2238      2345
      2442      2218      2440      2344      2362      2343
      2442      2444      2218      2443      2462      2345
      2220      2444      2222      2346      2363      2347
      2224      2222      2448      2223      2240      2349
      2446      2222      2444      2348      2364      2347
      2446      2448      2222      2447      2464      2349
      2224      2448      2226      2350      2365      2351
      2228      2226      2452      2227      2242      2353
      2450      2226      2448      2352      2366      2351
      2450      2452      2226      2451      2466      2353
      2228      2452      2230      2354      2367      2355
      2232      2230      2456      2231      2244      2357
      2454      2230      2452      2356      2368      2355
      2454      2456      2230      2455      2468      2357
      2232      2456      2234      2358      2369      2359
      2250      2472      2234      2374      2245      2249
      2458      2234      2456      2360      2370      2359
      2458      2234      2472      2360      2469      2457
      2247      2471      2255      2371      2252      2248
      2250      2472      2256      2373      2254      2374
      2261      2485      2255      2380      2257      2379
      2477      2255      2471      2375      2474      2478
      2477      2255      2485      2376      2481      2375
      2264      2486      2256      2382      2259      2263
      2480      2256      2472      2377      2476      2378
      2480      2256      2486      2378      2483      2479
      2261      2485      2269      2379      2266      2262
      2264      2486      2270      2381      2268      2382
      2275      2499      2269      2388      2271      2387
      2491      2269      2485      2383      2488      2492
      2491      2269      2499      2384      2495      2383
      2278      2500      2270      2390      2273      2277
      2494      2270      2486      2385      2490      2386
      2494      2270      2500      2386      2497      2493
      2275      2499      2283      2387      2280      2276
      2278      2500      2284      2389      2282      2390
      2289      2513      2283      2396      2285      2395
      2505      2283      2499      2391      2502      2506
      2505      2283      2513      2392      2509      2391
      2292      2514      2284      2398      2287      2291
      2508      2284      2500      2393      2504      2394
      2508      2284      2514      2394      2511      2507
      2289      2513      2297      2395      2294      2290
      2292      2514      2298      2397      2296      2398
      2303      2527      2297      2404      2299      2403
      2519      2297      2513      2399      2516      2520
      2519      2297      2527      2400      2523      2399
      2306      2528      2298      2406      2301      2305
      2522      2298      2514      2401      2518      2402
      2522      2298      2528      2402      2525      2521
      2303      2527      2319      2403      2308      2304
      2306      2528      2339      2405      2318      2406
      2321      2543      2319      2419      2408      2418
      2541      2319      2527      2417      2530      2542
      2541      2319      2543      2417      2407      2418
      2321      2323      2543      2322      2309      2420
      2325      2547      2323      2423      2410      2422
      2545      2543      2323      2544      2531      2420
      2545      2323      2547      2421      2409      2422
      2325      2327      2547      2326      2311      2424
      2329      2551      2327      2427      2412      2426
      2549      2547      2327      2548      2533      2424
      2549      2327      2551      2425      2411      2426
      2329      2331      2551      2330      2313      2428
      2333      2555      2331      2431      2414      2430
      2553      2551      2331      2552      2535      2428
      2553      2331      2555      2429      2413      2430
      2333      2335      2555      2334      2315      2432
      2337      2559      2335      2435      2416      2434
      2557      2555      2335      2556      2537      2432
      2557      2335      2559      2433      2415      2434
      2337      2339      2559      2338      2317      2436
      2561      2339      2528      2436      2540      2437
      2561      2559      2339      2560      2539      2436
      2438      2854      2440      2562      2583      2563
      2438      2854      2471      2562      2460      2439
      2442      2440      2858      2441      2461      2565
      2856      2440      2854      2564      2584      2563
      2856      2858      2440      2857      2878      2565
      2442      2858      2444      2566      2585      2567
      2446      2444      2862      2445      2463      2569
      2860      2444      2858      2568      2586      2567
      2860      2862      2444      2861      2881      2569
      2446      2862      2448      2570      2587      2571
      2450      2448      2866      2449      2465      2573
      2864      2448      2862      2572      2588      2571
      2864      2866      2448      2865      2884      2573
      2450      2866      2452      2574      2589      2575
      2454      2452      2870      2453      2467      2577
      2868      2452      2866      2576      2590      2575
      2868      2870      2452      2869      2887      2577
      2454      2870      2456      2578      2591      2579
      2458      2456      2874      2457      2469      2581
      2872      2456      2870      2580      2592      2579
      2872      2874      2456      2873      2890      2581
      2458      2874      2472      2581      2470      2582
      2477      2925      2471      2621      2473      2620
      2892      2471      2854      2594      2876      2893
      2892      2471      2925      2595      2913      2594
      2480      2945      2472      2636      2475      2479
      2912      2472      2874      2608      2891      2609
      2912      2472      2945      2609      2923      2911
      2477      2925      2485      2620      2482      2478
      2480      2945      2486      2635      2484      2636
      2491      2991      2485      2674      2487      2673
      2958      2485      2925      2647      2947      2959
      2958      2485      2991      2648      2979      2647
      2494      3011      2486      2689      2489      2493
      2978      2486      2945      2661      2957      2662
      2978      2486      3011      2662      2989      2977
      2491      2991      2499      2673      2496      2492
      2494      3011      2500      2688      2498      2689
      2505      3057      2499      2727      2501      2726
      3024      2499      2991      2700      3013      3025
      3024      2499      3057      2701      3045      2700
      2508      3077      2500      2742      2503      2507
      3044      2500      3011      2714      3023      2715
      3044      2500      3077      2715      3055      3043
      2505      3057      2513      2726      2510      2506
      2508      3077      2514      2741      2512      2742
      2519      3123      2513      2780      2515      2779
      3090      2513      3057      2753      3079      3091
      3090      2513      3123      2754      3111      2753
      2522      3143      2514      2795      2517      2521
      3110      2514      3077      2767      3089      2768
      3110      2514      3143      2768      3121      3109
      2519      3123      2527      2779      2524      2520
      2522      3143      2528      2794      2526      2795
      2541      3194      2527      2834      2529      2833
      3156      2527      3123      2806      3145      3157
      3156      2527      3194      2807      3177      2806
      2561      3214      2528      2853      2539      2560
      3176      2528      3143      2820      3155      2821
      3176      2528      3214      2821      3192      3175
      2541      2543      3194      2542      2530      2834
      2545      3198      2543      2837      2824      2836
      3196      3194      2543      3195      3178      2834
      3196      2543      3198      2835      2823      2836
      2545      2547      3198      2546      2532      2838
      2549      3202      2547      2841      2826      2840
      3200      3198      2547      3199      3181      2838
      3200      2547      3202      2839      2825      2840
      2549      2551      3202      2550      2534      2842
      2553      3206      2551      2845      2828      2844
      3204      3202      2551      3203      3184      2842
      3204      2551      3206      2843      2827      2844
      2553      2555      3206      2554      2536      2846
      2557      3210      2555      2849      2830      2848
      3208      3206      2555      3207      3187      2846
      3208      2555      3210      2847      2829      2848
      2557      2559      3210      2558      2538      2850
      2561      3214      2559      2853      2832      2852
      3212      3210      2559      3211      3190      2850
      3212      2559      3214      2851      2831      2852
      2856      2854      2894      2563      2877      2855
      2892      2894      2854      2595      2875      2893
      2856      2858      2894      2857      2584      2564
      2860      2858      2898      2567      2880      2859
      2896      2894      2858      2895      2585      2597
      2896      2898      2858      2598      2879      2897
      2860      2862      2898      2861      2586      2568
      2864      2862      2902      2571      2883      2863
      2900      2898      2862      2899      2587      2600
      2900      2902      2862      2601      2882      2901
      2864      2866      2902      2865      2588      2572
      2868      2866      2906      2575      2886      2867
      2904      2902      2866      2903      2589      2603
      2904      2906      2866      2604      2885      2905
      2868      2870      2906      2869      2590      2576
      2872      2870      2910      2579      2889      2871
      2908      2906      2870      2907      2591      2606
      2908      2910      2870      2607      2888      2909
      2872      2874      2910      2873      2592      2580
      2912      2910      2874      2911      2593      2609
      2892      2894      2925      2893      2610      2594
      2896      2894      2929      2596      2915      2895
      2927      2925      2894      2926      2611      2622
      2927      2929      2894      2623      2914      2928
      2896      2898      2929      2897      2612      2597
      2900      2898      2933      2599      2917      2899
      2931      2929      2898      2930      2613      2625
      2931      2933      2898      2626      2916      2932
      2900      2902      2933      2901      2614      2600
      2904      2902      2937      2602      2919      2903
      2935      2933      2902      2934      2615      2628
      2935      2937      2902      2629      2918      2936
      2904      2906      2937      2905      2616      2603
      2908      2906      2941      2605      2921      2907
      2939      2937      2906      2938      2617      2631
      2939      2941      2906      2632      2920      2940
      2908      2910      2941      2909      2618      2606
      2912      2910      2945      2608      2924      2911
      2943      2941      2910      2942      2619      2634
      2943      2945      2910      2635      2922      2944
      2927      2925      2960      2621      2948      2926
      2958      2960      2925      2648      2946      2959
      2927      2929      2960      2928      2637      2622
      2931      2929      2964      2624      2950      2930
      2962      2960      2929      2961      2638      2650
      2962      2964      2929      2651      2949      2963
      2931      2933      2964      2932      2639      2625
      2935      2933      2968      2627      2952      2934
      2966      2964      2933      2965      2640      2653
      2966      2968      2933      2654      2951      2967
      2935      2937      2968      2936      2641      2628
      2939      2937      2972      2630      2954      2938
      2970      2968      2937      2969      2642      2656
      2970      2972      2937      2657      2953      2971
      2939      2941      2972      2940      2643      2631
      2943      2941      2976      2633      2956      2942
      2974      2972      2941      2973      2644      2659
      2974      2976      2941      2660      2955      2975
      2943      2945      2976      2944      2645      2634
      2978      2976      2945      2977      2646      2662
      2958      2960      2991      2959      2663      2647
      2962      2960      2995      2649      2981      2961
      2993      2991      2960      2992      2664      2675
      2993      2995      2960      2676      2980      2994
      2962      2964      2995      2963      2665      2650
      2966      2964      2999      2652      2983      2965
      2997      2995      2964      2996      2666      2678
      2997      2999      2964      2679      2982      2998
      2966      2968      2999      2967      2667      2653
      2970      2968      3003      2655      2985      2969
      3001      2999      2968      3000      2668      2681
      3001      3003      2968      2682      2984      3002
      2970      2972      3003      2971      2669      2656
      2974      2972      3007      2658      2987      2973
      3005      3003      2972      3004      2670      2684
      3005      3007      2972      2685      2986      3006
      2974      2976      3007      2975      2671      2659
      2978      2976      3011      2661      2990      2977
      3009      3007      2976      3008      2672      2687
      3009      3011      2976      2688      2988      3010
      2993      2991      3026      2674      3014      2992
      3024      3026      2991      2701      3012      3025
      2993      2995      3026      2994      2690      2675
      2997      2995      3030      2677      3016      2996
      3028      3026      2995      3027      2691      2703
      3028      3030      2995      2704      3015      3029
      2997      2999      3030      2998      2692      2678
      3001      2999      3034      2680      3018      3000
      3032      3030      2999      3031      2693      2706
      3032      3034      2999      2707      3017      3033
      3001      3003      3034      3002      2694      2681
      3005      3003      3038      2683      3020      3004
      3036      3034      3003      3035      2695      2709
      3036      3038      3003      2710      3019      3037
      3005      3007      3038      3006      2696      2684
      3009      3007      3042      2686      3022      3008
      3040      3038      3007      3039      2697      2712
      3040      3042      3007      2713      3021      3041
      3009      3011      3042      3010      2698      2687
      3044      3042      3011      3043      2699      2715
      3024      3026      3057      3025      2716      2700
      3028      3026      3061      2702      3047      3027
      3059      3057      3026      3058      2717      2728
      3059      3061      3026      2729      3046      3060
      3028      3030      3061      3029      2718      2703
      3032      3030      3065      2705      3049      3031
      3063      3061      3030      3062      2719      2731
      3063      3065      3030      2732      3048      3064
      3032      3034      3065      3033      2720      2706
      3036      3034      3069      2708      3051      3035
      3067      3065      3034      3066      2721      2734
      3067      3069      3034      2735      3050      3068
      3036      3038      3069      3037      2722      2709
      3040      3038      3073      2711      3053      3039
      3071      3069      3038      3070      2723      2737
      3071      3073      3038      2738      3052      3072
      3040      3042      3073      3041      2724      2712
      3044      3042      3077      2714      3056      3043
      3075      3073      3042      3074      2725      2740
      3075      3077      3042      2741      3054      3076
      3059      3057      3092      2727      3080      3058
      3090      3092      3057      2754      3078      3091
      3059      3061      3092      3060      2743      2728
      3063      3061      3096      2730      3082      3062
      3094      3092      3061      3093      2744      2756
      3094      3096      3061      2757      3081      3095
      3063      3065      3096      3064      2745      2731
      3067      3065      3100      2733      3084      3066
      3098      3096      3065      3097      2746      2759
      3098      3100      3065      2760      3083      3099
      3067      3069      3100      3068      2747      2734
      3071      3069      3104      2736      3086      3070
      3102      3100      3069      3101      2748      2762
      3102      3104      3069      2763      3085      3103
      3071      3073      3104      3072      2749      2737
      3075      3073      3108      2739      3088      3074
      3106      3104      3073      3105      2750      2765
      3106      3108      3073      2766      3087      3107
      3075      3077      3108      3076      2751      2740
      3110      3108      3077      3109      2752      2768
      3090      3092      3123      3091      2769      2753
      3094      3092      3127      2755      3113      3093
      3125      3123      3092      3124      2770      2781
      3125      3127      3092      2782      3112      3126
      3094      3096      3127      3095      2771      2756
      3098      3096      3131      2758      3115      3097
      3129      3127      3096      3128      2772      2784
      3129      3131      3096      2785      3114      3130
      3098      3100      3131      3099      2773      2759
      3102      3100      3135      2761      3117      3101
      3133      3131      3100      3132      2774      2787
      3133      3135      3100      2788      3116      3134
      3102      3104      3135      3103      2775      2762
      3106      3104      3139      2764      3119      3105
      3137      3135      3104      3136      2776      2790
      3137      3139      3104      2791      3118      3138
      3106      3108      3139      3107      2777      2765
      3110      3108      3143      2767      3122      3109
      3141      3139      3108      3140      2778      2793
      3141      3143      3108      2794      3120      3142
      3125      3123      3158      2780      3146      3124
      3156      3158      3123      2807      3144      3157
      3125      3127      3158      3126      2796      2781
      3129      3127      3162      2783      3148      3128
      3160      3158      3127      3159      2797      2809
      3160      3162      3127      2810      3147      3161
      3129      3131      3162      3130      2798      2784
      3133      3131      3166      2786      3150      3132
      3164      3162      3131      3163      2799      2812
      3164      3166      3131      2813      3149      3165
      3133      3135      3166      3134      2800      2787
      3137      3135      3170      2789      3152      3136
      3168      3166      3135      3167      2801      2815
      3168      3170      3135      2816      3151      3169
      3137      3139      3170      3138      2802      2790
      3141      3139      3174      2792      3154      3140
      3172      3170      3139      3171      2803      2818
      3172      3174      3139      2819      3153      3173
      3141      3143      3174      3142      2804      2793
      3176      3174      3143      3175      2805      2821
      3156      3158      3194      3157      2822      2806
      3160      3158      3198      2808      3180      3159
      3196      3194      3158      3195      2823      2835
      3196      3198      3158      2836      3179      3197
      3160      3162      3198      3161      2824      2809
      3164      3162      3202      2811      3183      3163
      3200      3198      3162      3199      2825      2839
      3200      3202      3162      2840      3182      3201
      3164      3166      3202      3165      2826      2812
      3168      3166      3206      2814      3186      3167
      3204      3202      3166      3203      2827      2843
      3204      3206      3166      2844      3185      3205
      3168      3170      3206      3169      2828      2815
      3172      3170      3210      2817      3189      3171
      3208      3206      3170      3207      2829      2847
      3208      3210      3170      2848      3188      3209
      3172      3174      3210      3173      2830      2818
      3176      3174      3214      2820      3193      3175
      3212      3210      3174      3211      2831      2851
      3212      3214      3174      2852      3191      3213
