        24         9         1
       102         9         1
        23        24         1
        23       101         1
       102       101         1
       237       221         2
       221       261         2
       237       275         2
       261       275         2
        72        71         3
        71       125         3
        72        87         3
       125        87         3
       246       245         4
       323       245         4
       246         4       339
       323         4       339
        22        38         5
        22       116         5
        38       116         5
       238       236         6
       236         6       274
       290       238         6
       289         6       274
       290       289         6
        86        85         7
        85       100         7
       124        86         7
       100       140         7
       124       140         7
       260       338         8
       260         8       352
       337       338         8
       337         8       352
        10         9        25
         9        10       103
         9        24        25
       102         9       103
        26        10        11
       104        10        11
        26        10        25
       104        10       103
        27        12        11
       104        12        11
        26        27        11
        27        13        12
       106        13        12
       104       105        12
       106       105        12
        29        14        13
       107        14        13
        28        13        27
        28        29        13
       106       107        13
        14        30        15
       108        14        15
        29        30        14
       107       108        14
        31        16        15
        16       109        15
        30        31        15
       108       109        15
        16        32        17
       110        16        17
        31        32        16
       110       109        16
        32        18        17
       111        18        17
       110       111        17
        18        33        19
       111        18        19
        33        18        32
        34        20        19
       113        20        19
        34        33        19
       111       112        19
       113       112        19
        20        35        21
       113        20        21
        34        20        35
        37        22        21
       114        22        21
        35        36        21
        36        37        21
       113       114        21
        37        22        38
       114       115        22
       115        22       116
        23        39        24
       117        23        39
       117        23       101
        24        40        25
        24        39        40
        42        26        25
        40        41        25
        42        41        25
        43        26        27
        42        26        43
        43        28        27
        29        28        45
        44        28        43
        28        44        45
        30        29        45
        30        31        46
        46        30        45
        31        47        32
        31        47        46
        49        33        32
        48        47        32
        48        49        32
        34        33        49
        34        50        35
        34        50        49
        52        36        35
        50        51        35
        51        52        35
        37        36        53
        52        36        53
        54        37        38
        54        37        53
        54        38       118
        38       118       116
        39        56        40
        39        56        55
        39       119        55
        39       117       119
        57        41        40
        57        56        40
        42        41        58
        41        57        58
        42        43        58
        44        43        60
        43        59        58
        43        59        60
        45        44        61
        61        44        60
        46        45        61
        47        46        63
        62        61        46
        62        46        63
        48        64        47
        64        47        63
        48        65        49
        48        65        64
        50        65        49
        50        51        66
        50        66        65
        52        68        51
        51        66        67
        68        51        67
        52        68        53
        54        70        53
        53        68        69
        70        53        69
        54       120        70
        54       120       118
        71        56        55
       123        71        55
       121       119        55
       123       121        55
        57        72        56
        72        56        71
        57        74        58
        57        72        73
        74        57        73
        74        59        58
        76        59        60
        75        59        74
        76        75        59
        77        61        60
        76        77        60
        77        62        61
        62        63        79
        78        62        77
        78        62        79
        79        64        63
        64        81        65
        64        79        80
        81        64        80
        66        65        82
        65        81        82
        67        66        82
        84        68        67
        83        67        82
        83        84        67
        84        68        69
        86        70        69
        84        85        69
        85        86        69
       124        86        70
       122        70       120
       124        70       122
       123        71       125
        72        88        73
        72        88        87
        74        73        89
        73        88        89
        75        74        89
        76        90        75
        75        90        89
        76        77        91
        76        90        91
        78        92        77
        92        91        77
        78        79        93
        78        92        93
        94        79        80
        94        79        93
        81        95        80
        94        80        95
        81        97        82
        81        95        96
        81        97        96
        83        98        82
        97        82        98
        83        84        99
        83        99        98
        84        85        99
        85        99       100
        88        87       127
       126        87       125
       126        87       127
       128        88        89
       128        88       127
       128        90        89
        90        91       130
        90       128       129
        90       129       130
        92        91       131
       131        91       130
        92       131        93
        94       133        93
       131       132        93
       132       133        93
        94        95       134
        94       133       134
        95       135        96
       135        95       134
       135        97        96
        97        98       136
        97       135       136
       137        99        98
       137        98       136
        99       138       100
       137        99       138
       138       139       100
       100       139       140
       102       142       101
       117       157       101
       142       141       101
       141       157       101
       142       102       103
       104       144       103
       143       142       103
       143       144       103
       104       105       144
       106       146       105
       105       145       144
       146       145       105
       106       107       146
       107       147       108
       107       146       147
       108       109       148
       147       108       148
       110       109       149
       109       148       149
       110       111       150
       110       150       149
       111       112       151
       150       111       151
       113       112       153
       112       151       152
       112       152       153
       113       114       153
       114       115       154
       114       153       154
       115       116       156
       115       155       154
       115       155       156
       118       158       116
       116       158       156
       119       117       159
       117       157       159
       120       160       118
       158       160       118
       161       121       119
       161       119       159
       162       122       120
       162       120       160
       123       163       121
       161       121       163
       124       164       122
       164       162       122
       123       163       125
       124       164       140
       126       166       125
       163       165       125
       165       166       125
       126       127       166
       128       168       127
       127       167       166
       168       167       127
       129       128       168
       170       129       130
       129       168       169
       170       129       169
       131       130       171
       130       170       171
       132       131       171
       133       132       172
       132       171       172
       173       133       134
       173       133       172
       175       135       134
       173       174       134
       174       175       134
       175       135       136
       177       137       136
       176       175       136
       176       177       136
       177       137       138
       178       139       138
       177       178       138
       139       180       140
       178       139       179
       180       139       179
       164       180       140
       141       142       181
       141       157       181
       142       143       183
       182       142       181
       182       142       183
       143       144       183
       145       184       144
       144       184       183
       146       145       186
       145       185       184
       145       186       185
       146       147       187
       146       186       187
       147       148       187
       189       148       149
       188       148       187
       188       148       189
       150       190       149
       190       189       149
       150       151       190
       152       151       192
       191       151       190
       191       151       192
       152       153       193
       152       192       193
       153       194       154
       153       194       193
       195       155       154
       194       195       154
       196       155       156
       196       195       155
       158       196       156
       157       159       199
       157       181       197
       157       197       199
       158       160       198
       158       198       196
       161       159       199
       162       202       160
       200       160       198
       200       202       160
       161       163       201
       161       201       199
       164       162       202
       163       165       203
       163       201       203
       164       204       180
       164       202       204
       165       206       166
       165       203       205
       206       165       205
       166       206       167
       208       168       167
       206       207       167
       208       207       167
       208       168       169
       209       170       169
       209       208       169
       210       170       171
       209       210       170
       171       211       172
       210       211       171
       173       212       172
       212       211       172
       173       174       213
       173       212       213
       175       174       214
       174       213       214
       215       176       175
       215       175       214
       177       176       216
       176       215       216
       178       177       218
       217       177       216
       177       217       218
       178       218       179
       180       219       179
       218       219       179
       180       204       220
       180       219       220
       182       181       222
       181       221       197
       222       181       221
       222       182       183
       184       224       183
       223       222       183
       224       223       183
       225       185       184
       225       184       224
       186       226       185
       226       225       185
       186       187       227
       226       186       227
       188       228       187
       187       228       227
       188       189       229
       188       228       229
       189       190       229
       191       230       190
       230       190       229
       191       232       192
       191       230       231
       191       231       232
       232       192       193
       194       233       193
       232       233       193
       234       195       194
       234       233       194
       235       195       196
       235       234       195
       238       198       196
       235       196       236
       196       238       236
       197       239       199
       221       237       197
       237       239       197
       200       240       198
       240       238       198
       241       201       199
       239       199       241
       200       202       242
       240       200       242
       201       243       203
       243       241       201
       204       202       242
       203       245       205
       243       245       203
       244       204       220
       244       204       242
       206       245       205
       207       206       246
       246       206       245
       248       208       207
       247       207       246
       247       248       207
       209       248       208
       209       210       250
       209       248       249
       250       209       249
       210       211       251
       210       250       251
       212       252       211
       252       211       251
       213       212       253
       212       252       253
       213       254       214
       254       213       253
       215       214       255
       214       254       255
       215       256       216
       256       215       255
       217       256       216
       217       218       258
       217       256       257
       217       258       257
       218       219       259
       258       218       259
       260       219       220
       260       219       259
       260       244       220
       222       261       221
       222       262       223
       222       262       261
       224       263       223
       263       223       262
       225       224       264
       263       224       264
       225       226       264
       265       226       227
       226       265       264
       228       266       227
       266       265       227
       267       228       229
       267       228       266
       229       230       268
       267       229       268
       230       231       270
       230       268       269
       230       269       270
       231       232       271
       231       270       271
       232       233       271
       233       272       234
       233       272       271
       234       235       273
       234       272       273
       235       236       274
       235       273       274
       239       237       275
       290       240       238
       239       241       291
       239       275       291
       240       322       242
       290       240       306
       240       306       322
       243       307       241
       307       241       291
       244       338       242
       338       322       242
       243       323       245
       243       307       323
       260       244       338
       247       246       339
       248       247       341
       247       340       339
       247       341       340
       248       249       341
       342       250       249
       342       249       341
       250       343       251
       250       342       343
       252       344       251
       343       344       251
       253       252       346
       252       345       344
       252       345       346
       254       253       347
       253       347       346
       254       348       255
       348       254       347
       349       256       255
       348       349       255
       256       350       257
       256       350       349
       258       351       257
       350       351       257
       258       259       351
       260       259       352
       351       259       352
       262       276       261
       276       261       275
       263       262       277
       276       262       277
       279       263       264
       263       278       277
       279       263       278
       265       279       264
       281       266       265
       280       279       265
       280       281       265
       267       266       282
       281       266       282
       267       283       268
       267       283       282
       268       269       284
       283       268       284
       269       270       285
       269       285       284
       286       270       271
       270       286       285
       272       286       271
       287       272       273
       272       287       286
       289       273       274
       288       287       273
       289       288       273
       276       292       275
       275       292       291
       292       276       277
       294       278       277
       293       277       292
       294       293       277
       279       295       278
       295       294       278
       280       279       295
       280       281       296
       280       296       295
       281       282       297
       281       296       297
       283       298       282
       282       298       297
       299       283       284
       298       283       299
       285       301       284
       300       299       284
       301       300       284
       286       301       285
       286       287       303
       301       286       302
       302       286       303
       288       287       304
       287       304       303
       305       288       289
       288       305       304
       290       289       305
       290       305       306
       308       292       291
       308       307       291
       293       292       309
       308       309       292
       294       310       293
       293       310       309
       311       294       295
       294       311       310
       296       312       295
       311       312       295
       296       312       297
       298       313       297
       313       312       297
       314       298       299
       314       313       298
       300       316       299
       314       315       299
       316       315       299
       317       300       301
       300       317       316
       317       301       302
       318       302       303
       317       318       302
       304       319       303
       318       319       303
       305       320       304
       320       319       304
       305       306       321
       305       320       321
       306       322       321
       308       324       307
       307       324       323
       308       324       309
       310       325       309
       325       324       309
       311       327       310
       326       310       325
       327       326       310
       327       311       312
       313       328       312
       328       327       312
       313       314       330
       313       328       329
       329       313       330
       314       315       331
       314       331       330
       332       315       316
       332       315       331
       317       332       316
       333       317       318
       333       317       332
       318       319       334
       333       318       334
       335       319       320
       335       319       334
       336       320       321
       335       320       336
       322       337       321
       337       336       321
       338       337       322
       324       323       339
       340       324       325
       324       340       339
       326       341       325
       341       340       325
       327       342       326
       342       326       341
       327       328       343
       342       327       343
       328       344       329
       328       343       344
       344       329       330
       331       345       330
       345       344       330
       331       332       347
       345       331       346
       331       347       346
       333       332       348
       332       348       347
       333       349       334
       333       348       349
       335       334       350
       350       349       334
       335       351       336
       335       350       351
       337       336       352
       351       336       352
