   0.000000000000000       0.000000000000000       0.000000000000000    
   0.000000000000000       0.000000000000000       1.000000000000000    
   0.000000000000000       1.000000000000000       0.000000000000000    
   0.000000000000000       1.000000000000000       1.000000000000000    
   3.000000000000000       0.000000000000000       0.000000000000000    
   3.000000000000000       0.000000000000000       1.000000000000000    
   3.000000000000000       1.000000000000000       0.000000000000000    
   3.000000000000000       1.000000000000000       1.000000000000000    
  0.2002999744646506     -0.2213859304212029E-11 -0.2242307034494573E-11
  0.4000783137401027     -0.2165229801009972E-11 -0.2170026311421047E-11
  0.6005875249599565     -0.2161871376360480E-11 -0.2064811863156101E-11
  0.8003312941964872     -0.2094865947377400E-11 -0.2162665879712478E-11
   1.000476046410646     -0.2265779577848015E-11 -0.2213692770758336E-11
   1.202016407838042     -0.2231451134981910E-11 -0.2208004612480607E-11
   1.401434856838343     -0.2209487801052568E-11 -0.2197287490846023E-11
   1.602078402633781     -0.2089944536876053E-11 -0.2144810370974248E-11
   1.801245532705186     -0.2086053552119437E-11 -0.2214227065588936E-11
   2.000602876925937     -0.2152205497152337E-11 -0.2016553590777903E-11
   2.199706164821221     -0.2259180689745399E-11 -0.2215495148449876E-11
   2.400314578540264     -0.2187470690695470E-11 -0.2151759673219011E-11
   2.601360507995883     -0.2263722195805506E-11 -0.2218961125954877E-11
   2.801505864178647     -0.2205737328897506E-11 -0.2225436848690698E-11
 -0.2126953127512543E-11  0.1997809615256251     -0.2158996939560786E-11
  0.1995239261184126      0.2005295659268387       0.000000000000000    
  0.3996685535061182      0.1993667510061281       0.000000000000000    
  0.6008223249768592      0.1998254044745697       0.000000000000000    
  0.7998942913316477      0.1986581390111496       0.000000000000000    
  0.9979778872843280      0.2013266254822741       0.000000000000000    
   1.198643012456329      0.1997572472621538       0.000000000000000    
   1.401598352509528      0.1993381082011508       0.000000000000000    
   1.600822537749964      0.2005797754404676       0.000000000000000    
   1.802223600488541      0.2003977104727505       0.000000000000000    
   2.001229633802529      0.1995376900221969       0.000000000000000    
   2.199760852558476      0.1992389362869956       0.000000000000000    
   2.400018393629769      0.1999939726493430       0.000000000000000    
   2.600471217361721      0.2004520062275756       0.000000000000000    
   2.799936943929223      0.1990429909648599       0.000000000000000    
   3.000000000553082      0.1990748515515480     -0.2172663091104532E-11
 -0.2229910700535243E-11  0.4001085844275554     -0.2149204425538898E-11
  0.1995476407840335      0.3994665059867550       0.000000000000000    
  0.3985173333404870      0.4001748761556944       0.000000000000000    
  0.5966901777587640      0.3976342832081720       0.000000000000000    
  0.7988646144408512      0.4010046149171030       0.000000000000000    
   1.000944082320357      0.4016388275513753       0.000000000000000    
   1.200935121016146      0.3979566975356592       0.000000000000000    
   1.399116377118582      0.3991199066629618       0.000000000000000    
   1.600814225914321      0.4004623831296931       0.000000000000000    
   1.799801209614263      0.3996972966181511       0.000000000000000    
   1.999314477735851      0.3987339025256862       0.000000000000000    
   2.200481712219189      0.3996513819625491       0.000000000000000    
   2.399828091614401      0.4010062909552560       0.000000000000000    
   2.599422552113105      0.4003757601359058       0.000000000000000    
   2.800525536662398      0.4002322765928292       0.000000000000000    
   3.000000000570400      0.3974951139200973     -0.2262016962628621E-11
 -0.2140175189846438E-11  0.5999359674510548     -0.2317999958645345E-11
  0.1999130328929732      0.6003062259047895       0.000000000000000    
  0.3989492392624103      0.5997547141922184       0.000000000000000    
  0.6003418792596050      0.5983982488921299       0.000000000000000    
  0.8005328444884005      0.6006604423180516       0.000000000000000    
  0.9996131368741934      0.6013854673432144       0.000000000000000    
   1.200772884381596      0.5996145125420856       0.000000000000000    
   1.400977117812962      0.5998613723949719       0.000000000000000    
   1.600622938298720      0.5999780860742352       0.000000000000000    
   1.800358978441977      0.6005131913707946       0.000000000000000    
   2.001642897475959      0.5987494239558211       0.000000000000000    
   2.200677677445980      0.5995952254338712       0.000000000000000    
   2.399971438625063      0.6009333460200457       0.000000000000000    
   2.600190314152403      0.5993094487106517       0.000000000000000    
   2.800563357846962      0.5997892554483144       0.000000000000000    
   3.000000000555290      0.5985129637430581     -0.2234235366160853E-11
 -0.2208726257446613E-11  0.8004429655471130     -0.2265052728711581E-11
  0.1997072050108935      0.8005898263542351       0.000000000000000    
  0.4006712854513058      0.8006085812090071       0.000000000000000    
  0.5999674775892070      0.7975279655659064       0.000000000000000    
  0.7988418871058746      0.8000854243249786       0.000000000000000    
  0.9997034810517806      0.8009593419920799       0.000000000000000    
   1.201189887862071      0.7995561326961370       0.000000000000000    
   1.400457159430588      0.8009489180615663       0.000000000000000    
   1.601138917511192      0.7996283932321127       0.000000000000000    
   1.801490256133888      0.7992493435119442       0.000000000000000    
   2.000540173923002      0.7993864806964647       0.000000000000000    
   2.199466573986691      0.8004023955718939       0.000000000000000    
   2.400130606057429      0.7997527521547354       0.000000000000000    
   2.600820072568557      0.7991837538836589       0.000000000000000    
   2.800194956942166      0.8003489275041311       0.000000000000000    
   3.000000000546334      0.8007356854585189     -0.2112881050675419E-11
  0.2002989683012089      0.9999999998677646     -0.2261647466528239E-11
  0.4008158067091050      0.9999999998566516     -0.2242990515544108E-11
  0.6011494411929558      0.9999999998629342     -0.2121317010939094E-11
  0.8010047149630212      0.9999999998558664     -0.2317241884486343E-11
   1.000098239524219      0.9999999998571992     -0.2242256727513769E-11
   1.200582973565334      0.9999999998638254     -0.2098734380728828E-11
   1.401960579810028      0.9999999998627482     -0.2230831838700986E-11
   1.601371421770035      0.9999999998610030     -0.2267684304224637E-11
   1.801779524546624      0.9999999998634233     -0.2156450365498053E-11
   2.000950546783594      0.9999999998628590     -0.2199075990749755E-11
   2.199322082600074      0.9999999998609200     -0.2212311930871458E-11
   2.399319769810039      0.9999999998577652     -0.2306809257501818E-11
   2.600171202999348      0.9999999998597382     -0.2188917450074434E-11
   2.799485608678309      0.9999999998637894     -0.2151010272677389E-11
 -0.2207890120731193E-11 -0.2191047690502934E-11  0.2003018187617344    
  0.1998728490022325       0.000000000000000      0.1995752620475426    
  0.4003553057036314       0.000000000000000      0.2002472931189495    
  0.5997831636818781       0.000000000000000      0.1996144537903278    
  0.8001187336112434       0.000000000000000      0.2016746662841986    
  0.9995736352098482       0.000000000000000      0.1993255909726599    
   1.200588225408772       0.000000000000000      0.1998598325142621    
   1.401404872110432       0.000000000000000      0.2003697120208237    
   1.599781980449105       0.000000000000000      0.2000471305050652    
   1.800226641322050       0.000000000000000      0.1997833960101358    
   1.999876971435812       0.000000000000000      0.2010884486808507    
   2.200142854851733       0.000000000000000      0.2004189885531429    
   2.401145539840323       0.000000000000000      0.1993105688081508    
   2.601888398210958       0.000000000000000      0.1996635790350399    
   2.799466247987173       0.000000000000000      0.2008446904248994    
   3.000000000561647     -0.2245354943641864E-11  0.1988130984731443    
   0.000000000000000      0.2012324058064064      0.2003163341170298    
   3.000000000000000      0.2003212825159625      0.1999484306495927    
   0.000000000000000      0.4005934263779346      0.2010222974703960    
   3.000000000000000      0.4001033115603080      0.1996792727119980    
   0.000000000000000      0.6004893760265232      0.1990601517228555    
   3.000000000000000      0.5989898855272948      0.1999634292128894    
   0.000000000000000      0.8000627682153152      0.1987573715464724    
   3.000000000000000      0.7993386997428372      0.1981311610164513    
 -0.2215399738658697E-11  0.9999999998602734      0.1989357452056396    
  0.1999709633373720      0.9999999998516544      0.1982385249116798    
  0.3982027389456725      0.9999999998562638      0.2005607896287116    
  0.6006702553865242      0.9999999998562596      0.1974059560400484    
  0.7998103574654772      0.9999999998567390      0.1995342920380369    
   1.000115129985938      0.9999999998610704      0.2002356479581480    
   1.200728183595200      0.9999999998581760      0.1982288790022352    
   1.399911095316998      0.9999999998588968      0.2001731205135454    
   1.600313796374831      0.9999999998539024      0.1984121208720033    
   1.800207203322114      0.9999999998499640      0.1993892146440581    
   2.001930335714274      0.9999999998559838      0.1988178098799666    
   2.203637014338455      0.9999999998515906      0.2000849731957836    
   2.401893675240248      0.9999999998642708      0.2003550900311581    
   2.600291927069719      0.9999999998514056      0.1993377881259661    
   2.801699837185669      0.9999999998518444      0.2031007017100822    
   3.000000000571864      0.9999999998624216      0.1994317512309690    
 -0.2058197362542202E-11 -0.2049051900376853E-11  0.3996018249724725    
  0.2001798477542829       0.000000000000000      0.3999516270224324    
  0.3997391444818558       0.000000000000000      0.3997742337351261    
  0.5997463829501087       0.000000000000000      0.4008088934459528    
  0.8000338276438554       0.000000000000000      0.4010104520451744    
   1.001017089142368       0.000000000000000      0.3995666412756732    
   1.202685987795197       0.000000000000000      0.4001822576713834    
   1.402243847171207       0.000000000000000      0.4008479848773704    
   1.600704707073282       0.000000000000000      0.4000273882984665    
   1.802382603903332       0.000000000000000      0.3983349336409208    
   2.001387219905080       0.000000000000000      0.4016110866571877    
   2.203176958314633       0.000000000000000      0.3989711098559328    
   2.403000674523653       0.000000000000000      0.3975996773095492    
   2.602870252950257       0.000000000000000      0.4002492287507465    
   2.802311740615623       0.000000000000000      0.4025356681880149    
   3.000000000560042     -0.2065975862608482E-11  0.4001231386497361    
   0.000000000000000      0.2013403157032403      0.4008855892444688    
   3.000000000000000      0.1997456951540160      0.4000834267569858    
   0.000000000000000      0.4014496078320709      0.4024773200392174    
   3.000000000000000      0.3990377272608925      0.3991090311642218    
   0.000000000000000      0.5995886457601483      0.3997489611433537    
   3.000000000000000      0.6003340148037229      0.3985173066224652    
   0.000000000000000      0.7996600372643943      0.3991655738875056    
   3.000000000000000      0.7993893950772482      0.3989161966198910    
 -0.2343236715773855E-11  0.9999999998535470      0.4004376236792440    
  0.1985406858118445      0.9999999998544322      0.3982464794403506    
  0.3981609802183659      0.9999999998523978      0.4030850206738013    
  0.5977916499635041      0.9999999998547198      0.3968777717517698    
  0.7965026185975885      0.9999999998569646      0.4004339785605546    
  0.9963033654617440      0.9999999998515579      0.4017730749835529    
   1.199301442875734      0.9999999998548766      0.3962325412572180    
   1.400524025689014      0.9999999998453992      0.3997320008288141    
   1.601421769546425      0.9999999998551879      0.3996294786227089    
   1.800169835355157      0.9999999998578289      0.3993702776769287    
   2.001214628505696      0.9999999998532196      0.3977392621410196    
   2.200893548374076      0.9999999998566884      0.4000504804325429    
   2.401408853773003      0.9999999998542548      0.3998644843087156    
   2.601080796402027      0.9999999998519405      0.4004247557846861    
   2.800212074108599      0.9999999998585593      0.4022025610688948    
   3.000000000602125      0.9999999998619185      0.3995517804586929    
 -0.2259293446771337E-11 -0.2185498310103285E-11  0.5995650950882023    
  0.2008263158156323       0.000000000000000      0.5997379017661367    
  0.3998439979870401       0.000000000000000      0.6000892494026073    
  0.6008307078864320       0.000000000000000      0.6000540621617336    
  0.8015721711958194       0.000000000000000      0.6001737213186356    
   1.001174751742134       0.000000000000000      0.5992613517478464    
   1.200810312682771       0.000000000000000      0.6005246286524808    
   1.400937991020027       0.000000000000000      0.6010784976920081    
   1.600688709251116       0.000000000000000      0.6002265818014773    
   1.799051486546061       0.000000000000000      0.5990771614474693    
   1.997678047787456       0.000000000000000      0.6034876935816104    
   2.197352329778460       0.000000000000000      0.5992543379201055    
   2.399088371471735       0.000000000000000      0.5992337533106581    
   2.598864787289064       0.000000000000000      0.6007849647364041    
   2.799058436902680       0.000000000000000      0.6030419167857352    
   3.000000000593713     -0.2331100590335922E-11  0.6016533700941948    
   0.000000000000000      0.2000979754052159      0.6008953016422944    
   3.000000000000000      0.1999240718999086      0.6010128623288713    
   0.000000000000000      0.4003177068210467      0.6019266436856512    
   3.000000000000000      0.3992804964890981      0.5994966778518619    
   0.000000000000000      0.6020198273797605      0.6008138390780879    
   3.000000000000000      0.5976472706307605      0.5968476727617713    
   0.000000000000000      0.8010299579758074      0.5990117285347338    
   3.000000000000000      0.7991180929696959      0.5990356231057106    
 -0.2103950694221091E-11  0.9999999998661192      0.6007978016136920    
  0.1987068758176270      0.9999999998468826      0.5995216272607999    
  0.4012848586082050      0.9999999998525636      0.6025959652595113    
  0.6008476604971849      0.9999999998611376      0.5990429527577272    
  0.8037680607092423      0.9999999998546159      0.6022244579857843    
   1.010011215732838      0.9999999998517592      0.5998689878868674    
   1.208492414775041      0.9999999998516802      0.5991792452262427    
   1.407246961073104      0.9999999998482084      0.6016630757609626    
   1.604434861141069      0.9999999998581222      0.6004797478894528    
   1.802801487853216      0.9999999998598242      0.5997412170081960    
   2.000755003149511      0.9999999998572584      0.6001848413893740    
   2.200580005731165      0.9999999998469866      0.5983143274716686    
   2.400509932304948      0.9999999998502902      0.6003701029383505    
   2.600844028972332      0.9999999998553972      0.5996085951465956    
   2.801121674027469      0.9999999998512816      0.6007477757037344    
   3.000000000550593      0.9999999998583522      0.6013249136626586    
 -0.2132568427404280E-11 -0.2140692137442280E-11  0.8001067539999440    
  0.1996370233527929       0.000000000000000      0.7983988091531056    
  0.4004045304691706       0.000000000000000      0.8019220343149316    
  0.5992458520408336       0.000000000000000      0.7992473282462058    
  0.7988427653437959       0.000000000000000      0.7997400586123748    
  0.9995589607510756       0.000000000000000      0.7999510304786727    
   1.199259292868057       0.000000000000000      0.8006059090235994    
   1.398809945294164       0.000000000000000      0.8012706280170108    
   1.599476429948507       0.000000000000000      0.7990094849788036    
   1.799635991591876       0.000000000000000      0.8012119568521764    
   2.001865498802673       0.000000000000000      0.8029345103460415    
   2.200435744275592       0.000000000000000      0.7995485473390436    
   2.399262115667523       0.000000000000000      0.8002514274170845    
   2.598786696921290       0.000000000000000      0.8004697883893914    
   2.799636703817335       0.000000000000000      0.8014054506483412    
   3.000000000544511     -0.2074307739463599E-11  0.8009688055017397    
   0.000000000000000      0.1999816755579508      0.8005283788201228    
   3.000000000000000      0.1993366432781455      0.8002863219277309    
   0.000000000000000      0.3993248673743408      0.8009629108477970    
   3.000000000000000      0.4011234764031528      0.7996035076993628    
   0.000000000000000      0.5977016029544776      0.8007242617367016    
   3.000000000000000      0.6016490191925425      0.7978736607543242    
   0.000000000000000      0.7986164760729730      0.8001940358666256    
   3.000000000000000      0.8005316561001293      0.7996760286051735    
 -0.2253183750688947E-11  0.9999999998569103      0.7989251129787101    
  0.1994586726572645      0.9999999998558786      0.8006708323838500    
  0.3994021345295462      0.9999999998493184      0.8009558103664922    
  0.5999436466040712      0.9999999998571329      0.7985435382435234    
  0.7988389355904147      0.9999999998563552      0.8004767052861294    
  0.9989699432921956      0.9999999998541103      0.8008512112392746    
   1.199268308559833      0.9999999998522180      0.8025422121285762    
   1.399362401358201      0.9999999998536752      0.8017394123303458    
   1.601202161455883      0.9999999998573647      0.8002583013240490    
   1.802141599668647      0.9999999998577604      0.8004820946957056    
   2.001933545256283      0.9999999998502856      0.8001246288664738    
   2.201377743633754      0.9999999998528194      0.7983762739945190    
   2.398721550088529      0.9999999998604382      0.8017714291104999    
   2.598166893445855      0.9999999998547314      0.8000835152691975    
   2.799266631297617      0.9999999998500386      0.7996382628903685    
   3.000000000578388      0.9999999998571300      0.8013964442151775    
  0.1988225680877611     -0.2195410520045016E-11  0.9999999998640944    
  0.3980566438984681     -0.2228248835445257E-11  0.9999999998556286    
  0.5985368279398773     -0.2311303926028074E-11  0.9999999998568287    
  0.7988093980748111     -0.2225861855942313E-11  0.9999999998556260    
  0.9992256033381326     -0.2289612943684460E-11  0.9999999998600640    
   1.200071173099755     -0.2281579439267212E-11  0.9999999998554550    
   1.401123690331354     -0.2229730289293741E-11  0.9999999998596992    
   1.600374963217703     -0.2251891381699345E-11  0.9999999998582568    
   1.799782977609280     -0.2102391177816188E-11  0.9999999998662344    
   1.999596568321062     -0.2189987774459112E-11  0.9999999998522610    
   2.201135241315178     -0.2139835184045147E-11  0.9999999998496824    
   2.400243335427835     -0.2108740265738262E-11  0.9999999998631390    
   2.599790581389834     -0.2289881825823237E-11  0.9999999998587622    
   2.800387246231800     -0.2063873377755598E-11  0.9999999998610308    
 -0.2279103988866992E-11  0.2002025552816238      0.9999999998553102    
  0.2011005826912184      0.1994860292883363      0.9999999998534030    
  0.3996834355620212      0.2007646028930739      0.9999999998477952    
  0.5977780640352074      0.1996251815525969      0.9999999998567374    
  0.7977377221134010      0.1970211124919179      0.9999999998576906    
  0.9983431081092630      0.1997533018917705      0.9999999998539451    
   1.198494886323416      0.1991845545952516      0.9999999998549326    
   1.397833561504800      0.1994154805314010      0.9999999998540926    
   1.598443016759503      0.1996069431122565      0.9999999998561038    
   1.798996131737337      0.1999749134302647      0.9999999998453630    
   1.999507410986112      0.2004025003655467      0.9999999998547342    
   2.200631263708788      0.1994746828134556      0.9999999998566714    
   2.401581628205000      0.1996777498966752      0.9999999998492922    
   2.600760667345971      0.1996982458041821      0.9999999998584378    
   2.800615491649764      0.1994580077604376      0.9999999998499236    
   3.000000000554997      0.2001400586184052      0.9999999998631776    
 -0.2243410318625294E-11  0.4011180010722410      0.9999999998548434    
  0.1986854500064452      0.3995725262082000      0.9999999998537475    
  0.3998002528201656      0.3999691547605133      0.9999999998553344    
  0.5996368749443300      0.3997493034839520      0.9999999998574292    
  0.8014971468966954      0.3954557458620643      0.9999999998494052    
   1.000811360457496      0.3991046570178836      0.9999999998563412    
   1.199507086409726      0.3996891855811054      0.9999999998463156    
   1.399419604127096      0.3994319848816086      0.9999999998555480    
   1.599156600256103      0.3993263678697192      0.9999999998526968    
   1.799187763952631      0.3987130895380699      0.9999999998627463    
   2.001616961903233      0.3979365714388081      0.9999999998465998    
   2.199806995868163      0.4012721133876068      0.9999999998603178    
   2.397091716082125      0.4005622590073632      0.9999999998491170    
   2.595835662041407      0.4003382831546848      0.9999999998569802    
   2.798632752635148      0.3983549853601746      0.9999999998505618    
   3.000000000572076      0.4001366841543182      0.9999999998636548    
 -0.2259560594186638E-11  0.6028649898639501      0.9999999998540616    
  0.1997288674424762      0.6006513045266416      0.9999999998582126    
  0.3987387725858026      0.5989858123995550      0.9999999998583690    
  0.5996201059570305      0.5999810693002761      0.9999999998492756    
  0.7992559270150243      0.5974909191467197      0.9999999998535810    
  0.9979214141383242      0.5983950889517674      0.9999999998528623    
   1.199263909623021      0.5992072016659398      0.9999999998558494    
   1.400792555351720      0.6002677372917400      0.9999999998497716    
   1.600650790575550      0.6015723639681224      0.9999999998500586    
   1.798517931612068      0.5982559384589640      0.9999999998505118    
   1.998068580212397      0.5983306528385909      0.9999999998507672    
   2.200363741090662      0.6018720936556533      0.9999999998524004    
   2.400227469609602      0.6005430494366516      0.9999999998485940    
   2.601726341480154      0.5998706875797132      0.9999999998485274    
   2.801332846511373      0.5983708109692799      0.9999999998555358    
   3.000000000576884      0.6000083232325096      0.9999999998629666    
 -0.2192296691405637E-11  0.8015351218270143      0.9999999998605006    
  0.1997610485527804      0.8004321421614842      0.9999999998494820    
  0.4015956946599926      0.8002701688205563      0.9999999998521306    
  0.6008031628613589      0.8004014591805224      0.9999999998534644    
  0.7999745448860943      0.7995605974194727      0.9999999998597808    
   1.001337848132195      0.7992960203948730      0.9999999998484602    
   1.199698536183630      0.7983150964382576      0.9999999998554177    
   1.399151570188505      0.7999218120253871      0.9999999998520231    
   1.599504098353181      0.8003609853554218      0.9999999998558836    
   1.800566313569780      0.7984437390452749      0.9999999998488872    
   2.001071415654593      0.7978995173749156      0.9999999998526063    
   2.202352388881758      0.8015278768819853      0.9999999998618672    
   2.401960389610500      0.7996587788201261      0.9999999998600394    
   2.601233258182567      0.7991517895558093      0.9999999998507838    
   2.801570605938818      0.8009000354604069      0.9999999998470094    
   3.000000000536438      0.7996829284910677      0.9999999998601000    
  0.2009355427135721      0.9999999998599342      0.9999999998563400    
  0.3999738559694008      0.9999999998592840      0.9999999998627168    
  0.5999313939074425      0.9999999998543208      0.9999999998563208    
  0.8000707899903303      0.9999999998585524      0.9999999998556398    
  0.9987284583240584      0.9999999998596856      0.9999999998555712    
   1.199140262215565      0.9999999998608312      0.9999999998587294    
   1.398698780409051      0.9999999998648772      0.9999999998664902    
   1.599568518043395      0.9999999998646768      0.9999999998586782    
   1.798957527344205      0.9999999998610900      0.9999999998542356    
   1.997177748227551      0.9999999998619044      0.9999999998543972    
   2.197321224922159      0.9999999998570360      0.9999999998612910    
   2.398467081927168      0.9999999998593736      0.9999999998599700    
   2.598457292186272      0.9999999998553476      0.9999999998518952    
   2.799578481924644      0.9999999998573104      0.9999999998586406    
