       1
       2
       6
       1
       2
       3
       7
       2
       3
       4
       8
       3
       4
       5
       9
       4
       5
      10
       1
       6
       7
      11
       2
       6
       7
       8
      12
       3
       7
       8
       9
      13
       4
       8
       9
      10
      14
       5
       9
      10
      15
       6
      11
      12
      16
       7
      11
      12
      13
      17
       8
      12
      13
      14
      18
       9
      13
      14
      15
      19
      10
      14
      15
      20
      11
      16
      17
      21
      12
      16
      17
      18
      22
      13
      17
      18
      19
      23
      14
      18
      19
      20
      24
      15
      19
      20
      25
      16
      21
      22
      17
      21
      22
      23
      18
      22
      23
      24
      19
      23
      24
      25
      20
      24
      25
