 0.00 2.23 0.00 0.00 0.00 6.00 5.38 0.00 0.00 0.00 0.00 0.00 0.00
 2.23 0.00 2.00 2.00 2.83 0.00 0.00 0.00 0.00 0.00 0.00 0.00 0.00
 0.00 2.00 0.00 0.00 2.00 0.00 0.00 0.00 0.00 0.00 0.00 0.00 0.00
 0.00 2.00 0.00 0.00 2.00 2.23 0.00 0.00 0.00 0.00 0.00 0.00 0.00
 0.00 2.83 2.00 2.00 0.00 0.00 2.83 0.00 0.00 0.00 0.00 4.47 0.00
 6.00 0.00 0.00 2.23 0.00 0.00 0.00 0.00 0.00 0.00 0.00 7.00 0.00
 5.38 0.00 0.00 0.00 2.83 0.00 0.00 2.23 0.00 2.83 0.00 4.47 0.00
 0.00 0.00 0.00 0.00 0.00 0.00 2.23 0.00 2.00 0.00 0.00 0.00 0.00
 0.00 0.00 0.00 0.00 0.00 0.00 0.00 2.00 0.00 0.00 3.00 0.00 0.00
 0.00 0.00 0.00 0.00 0.00 0.00 2.83 0.00 0.00 0.00 2.00 1.00 2.83
 0.00 0.00 0.00 0.00 0.00 0.00 0.00 0.00 3.00 2.00 0.00 0.00 0.00
 0.00 0.00 0.00 0.00 4.47 7.00 4.47 0.00 0.00 1.00 0.00 0.00 2.00
 0.00 0.00 0.00 0.00 0.00 0.00 0.00 0.00 0.00 2.83 0.00 2.00 0.00
