10  11  25  43

19  26  25  37  43  44
 5  32  29  45
 4  29  38
17  28  32  37  45  51
22  33  40
21  31  39
21  47
 1  11
 1  10  34  41  43

27  29  38  45  48  51
16  15  18  26  50
14  18  23  36
14  24  26  28  42  50
 6  26  28  37
14  15  26  36  43  47  49
 3  25  44
30
 9   8  39  47  49
 7  30  33  40  46
15  36  50
16  35  42  50
 1   3  19  43
 3  16  14  17  18  28  37  43
13  35  42  51
 6  16  17  26  42  51
 4   5  13  38  45
22  20  46
 8  33  39
 4   6  37  44
 7  22  31  39  46
11  41  43  47
24  27  42
15  18  23  39  49
 3   6  17  26  32  44
 5  13  29  48
 8  21  31  33  36  49
 7  22
11  34
16  24  27  35  28  51
 1   3  11  18  26  25  34  47
 3  19  32  37
 4   6  13  29  51
22  30  33
 9  18  21  34  43  49
13  38
18  21  36  39  47
16  14  23  24
 6  13  27  28  42  45
