 1 10
 1 11
 1 25
 1 43
 3 19
 3 26
 3 25
 3 37
 3 43
 3 44
 4  5
 4 32
 4 29
 4 45
 5 29
 5 38
 6 17
 6 28
 6 32
 6 37
 6 45
 6 51
 7 22
 7 33
 7 40
 9 21
 9 47
 8 21
 8 31
 8 39
10 11
11 34
11 41
11 43
16 14
16 24
16 26
16 28
16 42
16 50
13 27
13 29
13 38
13 45
13 48
13 51
14 15
14 18
14 26
14 50
15 18
15 23
15 36
17 26
17 28
17 37
18 26
18 36
18 43
18 47
18 49
19 25
19 44
22 30
22 33
22 40
22 46
21 39
21 47
21 49
20 30
23 36
23 50
24 35
24 42
24 50
26 28
26 37
26 43
25 43
27 35
27 42
27 51
34 41
34 43
34 47
35 42
28 42
28 51
30 46
31 33
31 39
32 37
32 44
29 38
29 45
33 39
33 46
36 39
36 49
37 44
38 48
39 49
42 51
43 47
45 51
47 49
